1234522 95 86 53 76
1234523 15 22 41 53
1234524 77 25 10 92
1234525 98 73 50 19
1234526 34 60 6 40
1234527 83 68 66 91
1234528 16 83 10 55
1234529 88 39 19 98
1234530 45 41 59 83
1234531 16 79 7 45
1234532 69 66 21 96
1234533 57 50 87 71
1234534 99 78 42 46
1234535 62 51 68 90
1234536 2 7 80 94
1234537 54 76 99 95
1234538 67 67 69 6
1234539 89 23 24 35
1234540 18 51 44 58
1234541 56 93 88 62
1234542 9 99 73 59
1234543 18 77 8 40
1234544 49 90 38 50
1234545 38 49 34 4
1234546 48 15 92 31
1234547 20 67 5 17
1234548 61 3 10 24
1234549 95 100 42 27
1234550 34 75 99 14
1234551 20 62 65 85
1234552 89 34 49 14
1234553 39 6 55 20
1234554 77 18 13 24
1234555 90 39 60 73
1234556 22 45 21 61
1234557 26 88 39 94
1234558 32 96 42 57
1234559 27 69 20 12
1234560 26 34 70 14
1234561 30 78 49 47
1234562 63 97 15 87
1234563 60 51 69 59
1234564 27 48 38 54
1234565 22 51 26 40
1234566 48 0 85 16
1234567 56 24 27 80
1234568 40 8 16 39
1234569 80 15 4 72
1234570 92 45 44 46
1234571 33 71 23 35
1234572 39 40 8 60
1234573 71 20 41 25
1234574 66 64 99 75
1234575 84 19 5 67
1234576 28 95 9 20
1234577 47 38 87 52
1234578 10 80 13 82
1234579 91 60 69 64
1234580 72 50 51 90
1234581 18 0 28 1
1234582 43 29 9 37
1234583 89 8 40 78
1234584 25 47 5 64
1234585 100 37 72 5
1234586 20 46 28 41
1234587 89 36 95 41
1234588 6 43 56 78
1234589 97 40 85 73
1234590 72 36 28 19
1234591 34 84 10 66
1234592 58 67 12 74
1234593 99 46 6 72
1234594 7 92 88 21
1234595 75 90 26 81
1234596 44 94 90 10
1234597 89 69 69 49
1234598 98 22 39 76
1234599 27 78 86 75